20250023
20250024
20250025
20250020
20250008
20250012
20250030
20250034
20250029
20250004
20250038
20250033
20250057
20250031
20250052
20250056
20250042
20250058
20250062
20250061
20250059
20250064
20250063
20250079
20250090
20250069
20250091
20250094
20250105
20250102
20250080
20250098
20250114
20250113
20250119
20250124
20250125
20250121
20250123
20250127
20250126
20250135
20250128
20250136
20250137
20250141
20250150
20250151
20250146
20250134
20250152
20250144
20250156
20250160
20250165
20250171
20250174
20250172
20250173
20250180
20250175
20250179
20250181
20250176
20250182
20250195
20250191
20250185
20250183
20250186
20250192
20250212
20250196
20250202
20250203
20250197
20250227
20250219
20250217
20250194
20250224
20250229
20250234
20250220
20250249
20250238
20250242
20250251
20250241
20250256
20250254
20250258
20250267
20250255
20250263
20250259
20250270
20250281
20250277
20250261
20250283
20250279
20250286
20250291
20250289
20250290
20250296
20250294
20250293
20250299
20250306
20250313
20250311
20250303
20250302
20250309
20250343
20250325
20250347
20250345
20250349
20250352
20250323
20250350
20250361
20250351
20250344
20250366
20250363
20250371
20250372
20250367
20250376
20250374
20250378
20250389
20250377
20250391
20250387
20250388
20250392
20250396
20250400
20250356
20250398
20250393
20250399
20250406
20250403
20250410
20250407
20250408
20250412
20250405
20250426
20250435
20250411
20250416
20250427
20250437
20250443
20250434
20250447
20250445
20250436
20250452
20250450
20250449
20250451
20250465
20250458
20250453
20250459
20250477
20250480
20250482
20250457
20250486
20250483
20250491
20250490
20250487
20250498
20250492
20250506
20250504
20250527
20250539
20250505
20250526
20250525
20250523
20250521
20250540
20250544
20250542
20250560
20250562
20250563
20250561
20250564
20250553
20250565
20250545
20250567
20250570
20250543
20250573
20250576
20250579
20250585
20250582
20250591
20250593
20250594
20250590
20250597
20250574
20250595
20250592
20250599
20250598
20250607
20250605
20250601
20250600
20250610
20250611
20250618
20250612
20250620
20250622
20250606
20250619
20250623
20250635
20250631
20250630
20250638
20250640
20250641
20250651
20250646
20250633
20250652
20250649
20250648
20250659
20250660
20250662
20250663
20250661
20250653
20250665
20250664
20250674
20250678
20250681
20250666
20250683
20250682
20250692
20250693
20250687
20250705
20250704
20250718
20250706
20250701
20250719
20250721
20250691
20250709
20250727
20250731
20250730
20250726
20250722
20250738
20250749
20250739
20250734
20250743
20250759
20250763
20250750
20250767
20250766
20250765
20250775
20250774
20250777
20250779
20250782
20250768
20250799
20250796
20250798
20250794
20250803
20250793
20250813
20250806
20250805
20250816
20250814
20250815
20250820
20250824
20250825
20250818
20250807
20250832
20250831
20250837
20250834
20250823
20250836
20250817
20250840
20250839
20250838
20250862
20250843
20250842
20250841
20250875
20250844
20250878
20250865
20250866
20250879
20250880
20250882
20250881
20250884
20250890
20250883
20250885
20250887
20250886
20250891
20250896
20250909
20250903
20250905
20250922
20250923
20250920
20250926
20250928
20250931
20250930
20250927
20250902
20250929
20250934
20250943
20250940
20250945
20250936
20250937
20250949
20250942
20250955
20250959
20260001
20250954
20250958
20250956
20260002
20250941
