20250012
20250029
20250033
20250031
20250063
20250079
20250069
20250091
20250094
20250080
20250098
20250114
20250113
20250124
20250125
20250121
20250123
20250126
20250128
20250141
20250134
20250152
20250144
20250160
20250165
20250171
20250172
20250173
20250175
20250176
20250191
20250183
20250186
20250192
20250196
20250197
20250217
20250194
20250220
20250242
20250241
20250254
20250255
20250263
20250259
20250270
20250277
20250261
20250283
20250279
20250286
20250289
20250293
20250299
20250313
20250303
20250302
20250309
20250325
20250345
20250349
20250323
20250350
20250351
20250344
20250376
20250374
20250377
20250387
20250388
20250392
20250398
20250393
20250403
20250407
20250408
20250411
20250416
20250427
20250436
20250451
20250453
20250480
20250457
20250486
20250483
20250487
20250492
20250505
20250525
20250521
20250553
20250545
20250543
20250590
20250574
20250592
20250606
20250619
20250623
20250631
20250630
20250646
20250633
20250649
20250648
20250659
20250661
20250653
20250664
20250666
20250682
20250687
20250701
20250691
20250726
20250722
20250734
20250743
20250759
20250763
20250750
20250766
20250768
20250796
20250794
20250793
20250806
20250805
20250816
20250814
20250815
20250820
20250818
20250807
20250823
20250817
20250844
20250865
20250866
20250884
20250883
20250885
20250886
20250909
20250903
20250905
20250922
20250920
20250902
20250929
20250936
20250937
20250942
20250955
20250954
20250958
20250956
20260002
20250945
20250943
20250490
20250765
20250663
20250405
20250825
20250692
20250749
20250127
20250840
20250219
20250597
20250146
20250491